
Call:
summary.resamples(object = temp_reg)

Models: LM, GLM, BAYESGLM, ENET, GAM, LARS, PPR, RIDGE, RLM 
Number of resamples: 100 

MAE 
                 Min.      1st Qu.       Median         Mean      3rd Qu.         Max. NA's
LM       1.529887e-15 4.917409e-15 6.205157e-15 9.566711e-15 1.633116e-14 2.354320e-14    0
GLM      1.529887e-15 4.917409e-15 6.205157e-15 9.566711e-15 1.633116e-14 2.354320e-14    0
BAYESGLM 2.505008e-14 5.812354e-14 6.290284e-14 6.124438e-14 6.904928e-14 7.267674e-14    0
ENET     6.994405e-16 1.455274e-15 1.825207e-15 1.965697e-15 2.352548e-15 5.212552e-15    0
GAM      1.047093e-15 3.896251e-15 8.108281e-15 9.958409e-15 1.413015e-14 3.040901e-14    0
LARS     1.187169e-15 1.895817e-15 2.101277e-15 2.170010e-15 2.461614e-15 3.326358e-15    0
PPR      6.994405e-16 1.455274e-15 1.825207e-15 1.965697e-15 2.352548e-15 5.212552e-15    0
RIDGE    3.412012e-15 6.592504e-15 8.881964e-15 1.813675e-04 1.539999e-14 3.529412e-03    0
RLM      4.201432e-16 8.530214e-16 1.987260e-15 2.222892e-15 3.020460e-15 7.298892e-15    0

RMSE 
                 Min.      1st Qu.       Median         Mean      3rd Qu.         Max. NA's
LM       1.598258e-15 5.012946e-15 6.315612e-15 9.728697e-15 1.651973e-14 2.377418e-14    0
GLM      1.598258e-15 5.012946e-15 6.315612e-15 9.728697e-15 1.651973e-14 2.377418e-14    0
BAYESGLM 3.163193e-14 6.334817e-14 6.794878e-14 6.605467e-14 7.341765e-14 7.698302e-14    0
ENET     8.800925e-16 1.803981e-15 2.317624e-15 2.457599e-15 2.966760e-15 6.198022e-15    0
GAM      1.373886e-15 4.648330e-15 8.963290e-15 1.085812e-14 1.513456e-14 3.260088e-14    0
LARS     1.478831e-15 2.348993e-15 2.660215e-15 2.719074e-15 3.105426e-15 4.105450e-15    0
PPR      8.800925e-16 1.803981e-15 2.317624e-15 2.457599e-15 2.966760e-15 6.198022e-15    0
RIDGE    4.784482e-15 9.130134e-15 1.216877e-14 1.736010e-03 2.304393e-14 2.656845e-02    0
RLM      5.703582e-16 1.062481e-15 2.089673e-15 2.346141e-15 3.134244e-15 7.388872e-15    0

Rsquared 
              Min. 1st Qu. Median      Mean 3rd Qu. Max. NA's
LM       1.0000000       1      1 1.0000000       1    1    0
GLM      1.0000000       1      1 1.0000000       1    1    0
BAYESGLM 1.0000000       1      1 1.0000000       1    1    0
ENET     1.0000000       1      1 1.0000000       1    1    0
GAM      1.0000000       1      1 1.0000000       1    1    0
LARS     1.0000000       1      1 1.0000000       1    1    0
PPR      1.0000000       1      1 1.0000000       1    1    0
RIDGE    0.9975859       1      1 0.9999202       1    1    0
RLM      1.0000000       1      1 1.0000000       1    1    0

