
Call:
summary.resamples(object = temp_reg)

Models: LM, GLM, BAYESGLM, ENET, GAM, LARS, PPR, RIDGE, RLM 
Number of resamples: 100 

MAE 
                 Min.      1st Qu.       Median         Mean      3rd Qu.         Max. NA's
LM       4.392091e-16 1.468300e-15 2.916064e-15 8.599551e-15 1.766461e-14 3.180968e-14    0
GLM      4.392091e-16 1.468300e-15 2.916064e-15 8.599551e-15 1.766461e-14 3.180968e-14    0
BAYESGLM 1.046782e-15 2.399107e-14 9.972487e-14 8.242067e-14 1.162988e-13 1.225328e-13    0
ENET     6.710139e-16 1.216690e-15 1.553092e-15 1.773446e-15 2.184672e-15 4.102891e-15    0
GAM      8.240322e-16 3.550233e-15 6.862152e-15 8.732508e-15 1.254552e-14 3.277476e-14    0
LARS     9.533437e-16 1.586974e-15 1.825158e-15 1.856603e-15 2.087987e-15 2.758287e-15    0
PPR      6.710139e-16 1.216690e-15 1.553092e-15 1.773446e-15 2.184672e-15 4.102891e-15    0
RIDGE    3.794067e-15 7.648310e-15 9.950977e-15 2.853001e-04 2.012444e-14 5.274725e-03    0
RLM      3.404684e-16 9.089719e-16 1.846993e-15 2.300429e-15 3.092357e-15 8.642659e-15    0

RMSE 
                 Min.      1st Qu.       Median         Mean      3rd Qu.         Max. NA's
LM       5.692069e-16 1.650667e-15 3.063539e-15 8.841754e-15 1.803372e-14 3.255153e-14    0
GLM      5.692069e-16 1.650667e-15 3.063539e-15 8.841754e-15 1.803372e-14 3.255153e-14    0
BAYESGLM 1.398341e-15 2.433601e-14 1.073351e-13 8.764505e-14 1.231117e-13 1.289055e-13    0
ENET     8.903109e-16 1.516944e-15 1.976727e-15 2.226996e-15 2.754330e-15 5.115547e-15    0
GAM      1.002895e-15 4.187723e-15 7.322062e-15 9.423857e-15 1.384192e-14 3.320761e-14    0
LARS     1.208452e-15 2.034777e-15 2.302442e-15 2.342572e-15 2.621627e-15 3.430012e-15    0
PPR      8.903109e-16 1.516944e-15 1.976727e-15 2.226996e-15 2.754330e-15 5.115547e-15    0
RIDGE    4.636427e-15 1.019911e-14 1.447909e-14 2.330635e-03 2.639620e-14 3.406523e-02    0
RLM      4.842179e-16 1.077283e-15 2.009996e-15 2.429318e-15 3.150514e-15 8.693490e-15    0

Rsquared 
             Min. 1st Qu. Median     Mean 3rd Qu. Max. NA's
LM       1.000000       1      1 1.000000       1    1    0
GLM      1.000000       1      1 1.000000       1    1    0
BAYESGLM 1.000000       1      1 1.000000       1    1    0
ENET     1.000000       1      1 1.000000       1    1    0
GAM      1.000000       1      1 1.000000       1    1    0
LARS     1.000000       1      1 1.000000       1    1    0
PPR      1.000000       1      1 1.000000       1    1    0
RIDGE    0.996078       1      1 0.999845       1    1    0
RLM      1.000000       1      1 1.000000       1    1    0

