
Call:
summary.resamples(object = temp_reg)

Models: LM, GLM, BAYESGLM, ENET, GAM, LARS, PPR, RIDGE, RLM 
Number of resamples: 100 

MAE 
                 Min.      1st Qu.       Median         Mean      3rd Qu.         Max. NA's
LM       2.049643e-16 6.234329e-16 1.434750e-15 1.503381e-15 2.248202e-15 3.589721e-15    0
GLM      2.049643e-16 6.234329e-16 1.434750e-15 1.503381e-15 2.248202e-15 3.589721e-15    0
BAYESGLM 1.935859e-13 2.278574e-13 2.605901e-13 3.463758e-13 2.832179e-13 1.295340e-12    0
ENET     3.700743e-16 7.375053e-16 9.516197e-16 1.084116e-15 1.306647e-15 3.142785e-15    0
GAM      5.181041e-16 1.477451e-15 2.157005e-15 2.771203e-15 3.464262e-15 1.014004e-14    0
LARS     2.590520e-16 6.148928e-16 7.814262e-16 8.146985e-16 9.906605e-16 1.878839e-15    0
PPR      3.700743e-16 7.375053e-16 9.516197e-16 1.084116e-15 1.306647e-15 3.142785e-15    0
RIDGE    2.072416e-15 4.886811e-15 7.010265e-15 2.025208e-03 1.381943e-14 3.000000e-02    0
RLM      1.708035e-16 4.440892e-16 6.087926e-16 6.881779e-16 8.967186e-16 1.776357e-15    0

RMSE 
                 Min.      1st Qu.       Median         Mean      3rd Qu.         Max. NA's
LM       3.483722e-16 8.000547e-16 1.663605e-15 1.696428e-15 2.468208e-15 3.890536e-15    0
GLM      3.483722e-16 8.000547e-16 1.663605e-15 1.696428e-15 2.468208e-15 3.890536e-15    0
BAYESGLM 2.235437e-13 2.624261e-13 2.908485e-13 3.905587e-13 3.184532e-13 1.410295e-12    0
ENET     4.796712e-16 9.809766e-16 1.281671e-15 1.395732e-15 1.705395e-15 3.657908e-15    0
GAM      7.021667e-16 1.759720e-15 2.382418e-15 3.102670e-15 3.733211e-15 1.042113e-14    0
LARS     3.845925e-16 7.795923e-16 1.008802e-15 1.039718e-15 1.242814e-15 2.086601e-15    0
PPR      4.796712e-16 9.809766e-16 1.281671e-15 1.395732e-15 1.705395e-15 3.657908e-15    0
RIDGE    2.719480e-15 6.247930e-15 9.121016e-15 6.201129e-03 1.693575e-14 7.745967e-02    0
RLM      3.258724e-16 5.829078e-16 7.448284e-16 8.373669e-16 1.042661e-15 2.026981e-15    0

Rsquared 
              Min. 1st Qu. Median      Mean 3rd Qu. Max. NA's
LM       1.0000000       1      1 1.0000000       1    1    0
GLM      1.0000000       1      1 1.0000000       1    1    0
BAYESGLM 1.0000000       1      1 1.0000000       1    1    0
ENET     1.0000000       1      1 1.0000000       1    1    0
GAM      1.0000000       1      1 1.0000000       1    1    0
LARS     1.0000000       1      1 1.0000000       1    1    0
PPR      1.0000000       1      1 1.0000000       1    1    0
RIDGE    0.9917561       1      1 0.9995737       1    1    0
RLM      1.0000000       1      1 1.0000000       1    1    0

